camera_matrix:
  cols: 3
  data: [171.19787023635135, 0.0, 162.3096515078546, 0.0, 169.195912562154, 124.51460608723367,
    0.0, 0.0, 1.0]
  rows: 3
camera_name: duckiebot/camera_node
distortion_coefficients:
  cols: 5
  data: [-0.2930420227107724, 0.06704914715209857, 0.0019648273199222616, -0.0025371950452394553,
    0.0]
  rows: 1
distortion_model: plumb_bob
image_height: 240
image_width: 320
projection_matrix:
  cols: 4
  data: [121.34835052490234, 0.0, 160.19096776284914, 0.0, 0.0, 137.9478302001953,
    128.06605141241198, 0.0, 0.0, 0.0, 1.0, 0.0]
  rows: 3
rectification_matrix:
  cols: 3
  data: [1.0, 0.0, 0.0, 0.0, 1.0, 0.0, 0.0, 0.0, 1.0]
  rows: 3
